15 7 5 11 4 1 14 18 10 3 8 12 16 17 19 9 13 2 0 6 
18 7 16 4 3 13 12 5 8 14 15 0 17 9 2 1 6 11 10 19 
15 7 5 4 3 8 12 18 10 14 16 0 1 17 19 9 13 2 11 6 
15 7 5 16 3 8 12 18 10 14 4 0 1 17 19 9 2 13 11 6 
15 7 5 11 3 1 12 18 8 14 4 0 16 17 19 9 13 2 10 6 
18 7 15 4 11 13 12 5 8 3 16 0 17 9 14 1 6 2 10 19 
18 7 16 4 11 13 12 5 8 3 15 0 17 9 14 1 6 2 10 19 
18 16 13 4 11 9 12 5 8 3 15 0 17 7 14 1 6 2 10 19 
15 7 16 11 3 18 12 5 8 14 4 0 1 17 19 9 13 2 10 6 
15 7 5 11 14 1 12 18 8 3 4 0 16 17 19 9 13 2 10 6 
0 7 16 4 11 13 12 5 8 3 15 18 17 9 14 1 6 2 10 19 
18 14 16 4 11 13 12 5 8 3 15 0 17 9 7 1 6 2 10 19 
18 7 17 4 11 13 12 5 8 3 15 0 16 9 14 1 6 2 10 19 
18 14 15 4 11 13 12 5 8 3 16 0 17 9 7 1 6 2 10 19 
18 11 17 15 3 13 12 5 8 14 4 0 16 9 2 1 6 7 10 19 
18 11 16 4 3 13 12 5 8 14 15 0 17 9 2 1 6 7 10 19 
18 15 17 11 3 13 12 5 8 14 4 0 16 9 2 1 6 7 10 19 
18 11 17 4 3 13 12 5 8 14 15 0 16 9 2 1 6 7 10 19 
18 11 16 4 3 7 12 5 8 14 15 0 17 9 2 1 6 13 10 19 
13 11 17 4 3 18 12 5 8 14 15 0 16 9 2 1 6 7 10 19 
15 7 16 11 3 5 12 18 8 14 4 0 1 17 19 9 13 2 10 6 
18 16 17 11 3 13 12 5 8 14 4 0 15 9 2 1 6 7 10 19 
18 7 16 4 5 13 12 2 8 3 15 0 17 9 14 1 6 11 10 19 
0 14 17 11 6 18 12 5 8 3 4 15 16 9 2 1 13 7 10 19 
0 7 5 16 3 8 12 18 10 14 4 15 1 17 19 9 2 13 11 6 
15 7 5 4 3 8 12 18 10 14 16 0 1 17 19 9 2 13 11 6 
15 7 16 11 3 5 12 18 8 14 4 0 1 17 19 9 2 13 10 6 
15 7 5 11 3 1 12 18 8 14 4 0 16 17 2 9 6 13 10 19 
18 14 16 4 5 13 12 2 8 3 15 0 17 9 7 1 6 11 10 19 
0 7 16 4 5 13 12 2 8 3 15 18 17 9 14 1 6 11 10 19 
0 7 16 4 5 8 12 2 18 3 15 6 17 9 14 1 13 11 10 19 
15 14 17 11 6 18 12 5 8 3 4 0 16 9 2 1 13 7 10 19 
18 11 16 4 3 9 12 5 8 14 15 0 17 7 2 1 6 13 10 19 
9 14 16 4 5 13 12 2 8 3 15 0 17 18 7 1 6 11 10 19 
18 14 15 4 5 13 12 2 8 3 16 0 17 9 7 1 6 11 10 19 
0 7 5 11 3 1 12 18 8 14 4 15 16 17 19 9 13 2 10 6 
15 7 5 11 3 1 12 18 8 14 4 0 16 17 19 9 2 13 10 6 
18 9 16 4 5 13 12 2 8 3 15 0 17 7 14 1 6 11 10 19 
18 16 15 4 11 9 12 5 8 3 13 0 17 7 14 1 6 2 10 19 
18 16 6 4 11 9 12 5 8 3 15 0 17 7 14 1 13 2 10 19 
18 16 13 4 11 9 12 5 8 3 15 0 17 19 14 1 6 2 10 7 
0 14 16 4 5 8 12 2 18 3 15 6 17 9 7 1 13 11 10 19 
0 7 15 4 5 8 12 2 18 3 16 6 17 9 14 1 13 11 10 19 
0 7 16 4 5 8 12 2 18 3 15 6 17 9 14 1 19 11 10 13 
15 7 5 11 4 8 12 18 10 3 16 0 1 17 19 9 13 2 14 6 
0 11 16 4 5 13 12 2 8 3 15 18 17 9 14 1 6 7 10 19 
0 7 16 11 3 5 12 18 8 14 4 15 1 17 19 9 2 13 10 6 
0 14 17 11 6 5 12 18 8 3 4 15 16 9 2 1 13 7 10 19 
0 11 16 4 3 13 12 5 8 14 15 18 17 9 2 1 6 7 10 19 
18 14 17 11 6 4 12 5 8 3 0 15 16 9 2 1 13 7 10 19 
0 11 16 4 3 9 12 5 8 14 15 18 17 7 2 1 6 13 10 19 
18 11 15 4 3 9 12 5 8 14 16 0 17 7 2 1 6 13 10 19 
18 11 16 4 14 9 12 5 8 3 15 0 17 7 2 1 6 13 10 19 
18 11 16 4 3 9 12 5 8 14 15 0 17 19 2 1 6 13 10 7 
18 14 17 11 6 4 12 5 8 3 15 0 16 9 2 1 13 7 10 19 
15 7 16 11 3 5 12 18 8 14 4 0 1 9 17 19 13 2 10 6 
13 14 16 4 5 8 12 2 18 3 15 0 17 9 7 1 6 11 10 19 
18 11 16 4 5 13 12 2 8 3 15 0 17 9 14 1 6 7 10 19 
18 14 16 4 11 13 12 5 8 3 15 0 17 9 2 1 6 7 10 19 
15 14 9 19 5 11 12 2 8 3 16 0 17 18 7 1 6 4 10 13 
15 14 9 19 5 4 12 2 8 3 16 0 17 18 7 1 6 11 10 13 
18 14 15 11 6 4 12 5 8 3 0 17 16 9 2 1 13 7 10 19 
18 14 16 11 6 4 12 5 8 3 0 15 17 9 2 1 13 7 10 19 
0 11 16 4 3 9 12 5 8 14 15 18 17 19 2 1 6 13 10 7 
9 14 15 19 5 11 12 2 8 3 16 0 17 18 7 1 6 4 10 13 
15 14 13 19 5 11 12 2 8 3 16 0 17 18 7 1 6 4 10 9 
13 11 16 4 3 18 12 5 8 14 15 0 17 9 2 1 6 7 10 19 
9 7 16 4 5 13 12 2 8 3 15 0 17 18 14 1 6 11 10 19 
9 14 15 19 5 4 12 2 8 3 16 0 17 18 7 1 6 11 10 13 
15 14 13 19 5 4 12 2 8 3 16 0 17 18 7 1 6 11 10 9 
9 14 15 4 5 13 12 2 8 3 16 0 17 18 7 1 6 11 10 19 
18 16 15 4 5 13 12 2 8 3 14 0 17 9 7 1 6 11 10 19 
18 7 15 4 5 13 12 2 8 3 16 0 17 9 14 1 6 11 10 19 
0 14 15 4 5 8 12 2 18 3 16 6 17 9 7 1 13 11 10 19 
0 14 16 4 5 8 12 2 18 3 15 6 17 9 7 1 19 11 10 13 
18 11 16 4 14 13 12 5 8 3 15 0 17 9 2 1 6 7 10 19 
18 14 15 4 11 13 12 5 8 3 16 0 17 9 2 1 6 7 10 19 
18 14 17 4 11 13 12 5 8 3 15 0 16 9 2 1 6 7 10 19 
18 14 16 4 11 13 12 5 8 3 0 15 17 9 2 1 6 7 10 19 
15 7 5 11 14 4 12 18 8 3 16 0 1 17 2 9 6 13 10 19 
18 14 16 5 6 4 12 2 8 3 15 0 17 9 7 1 13 11 10 19 
18 7 15 4 3 13 12 5 8 14 16 0 17 9 2 1 6 11 10 19 
18 7 16 4 3 13 12 5 8 14 0 15 17 9 2 1 6 11 10 19 
0 7 5 11 3 8 12 18 10 14 4 15 16 17 19 9 2 13 1 6 
15 14 17 11 6 5 12 18 8 3 4 0 16 9 2 1 13 7 10 19 
15 7 5 11 3 4 12 18 8 14 16 0 1 17 2 9 6 13 10 19 
15 14 13 19 5 4 12 2 8 3 16 0 17 9 7 1 6 11 10 18 
0 7 15 4 5 8 12 2 18 3 16 6 17 9 14 1 19 11 10 13 
9 7 15 4 5 13 12 2 8 3 16 0 17 18 14 1 6 11 10 19 
18 11 16 4 5 13 12 2 8 3 0 15 17 9 14 1 6 7 10 19 
9 14 15 19 5 11 12 18 8 3 16 0 17 2 7 1 6 4 10 13 
0 14 16 11 6 5 12 18 8 3 4 15 17 9 2 1 13 7 10 19 
15 14 19 11 5 4 12 18 8 3 16 0 9 2 7 1 6 17 10 13 
0 14 16 11 6 5 12 18 8 3 4 17 15 9 2 1 13 7 10 19 
0 9 16 11 3 18 12 5 8 14 4 15 1 17 19 2 13 7 10 6 
18 14 16 11 6 4 12 5 8 3 15 0 17 9 2 1 13 7 10 19 
15 14 19 4 5 11 12 2 8 3 16 0 9 18 7 1 6 17 10 13 
0 14 15 4 5 8 12 2 18 3 16 6 17 9 7 1 19 11 10 13 
15 7 5 4 14 8 12 18 10 3 16 0 1 17 19 9 13 2 11 6 
18 11 15 4 5 13 12 2 8 3 16 0 17 9 14 1 6 7 10 19 
18 11 17 4 5 13 12 2 8 3 15 0 16 9 14 1 6 7 10 19 
18 11 16 15 5 13 12 2 8 3 4 0 17 9 14 1 6 7 10 19 
18 11 16 4 5 7 12 2 8 3 15 0 17 9 14 1 6 13 10 19 
13 16 17 11 3 18 12 5 8 14 4 0 15 9 2 1 6 7 10 19 
0 11 16 4 14 13 12 5 8 3 15 18 17 9 2 1 6 7 10 19 
18 11 17 4 14 13 12 5 8 3 15 0 16 9 2 1 6 7 10 19 
18 11 15 4 3 13 12 5 8 14 16 0 17 9 2 1 6 7 10 19 
18 14 15 11 6 4 12 5 8 3 0 9 16 17 2 1 13 7 10 19 
18 14 15 11 6 4 12 5 8 3 0 17 16 9 7 1 13 2 10 19 
13 14 15 4 5 8 12 2 18 3 16 0 17 9 7 1 6 11 10 19 
0 16 5 11 3 8 12 17 10 14 4 15 1 9 19 2 13 7 18 6 
18 9 15 4 5 13 12 2 8 3 16 0 17 7 14 1 6 11 10 19 
9 14 15 19 5 4 12 18 8 3 16 0 17 2 7 1 6 11 10 13 
15 14 5 11 6 4 12 18 8 3 0 17 16 9 2 1 13 7 10 19 
0 14 15 11 6 5 12 18 8 3 4 17 16 9 2 1 13 7 10 19 
18 14 15 5 6 4 12 2 8 3 16 0 17 9 7 1 13 11 10 19 
18 14 15 11 6 4 12 2 8 3 16 0 17 9 7 1 13 5 10 19 
15 7 5 11 3 8 12 18 10 14 4 0 16 17 19 9 2 13 1 6 
15 14 13 19 5 11 12 2 8 3 16 0 17 9 7 1 6 4 10 18 
15 14 19 4 5 11 12 18 8 3 16 0 9 2 7 1 6 17 10 13 
15 14 19 11 5 4 12 18 8 3 16 0 2 9 7 1 6 17 10 13 
15 14 13 19 5 11 12 18 8 3 16 0 2 17 7 1 6 4 10 9 
0 16 15 11 3 18 12 5 8 14 4 9 1 17 19 2 13 7 10 6 
15 14 9 19 5 11 12 18 8 3 16 0 2 17 7 1 6 4 10 13 
18 16 13 4 5 9 12 2 8 3 15 0 17 7 14 1 6 11 10 19 
15 14 5 11 6 18 12 17 8 3 4 0 16 9 2 1 13 7 10 19 
15 14 13 11 5 4 12 18 8 3 16 0 2 9 7 1 6 17 10 19 
15 14 19 4 5 11 12 18 8 3 16 0 2 9 7 1 6 17 10 13 
15 14 19 11 5 4 12 18 8 3 16 0 17 9 7 1 6 2 10 13 
15 14 19 11 5 4 12 18 8 3 16 0 2 9 7 1 13 17 10 6 
9 14 15 19 5 4 12 18 8 3 16 0 2 17 7 1 6 11 10 13 
18 14 16 11 6 4 12 5 8 3 15 0 17 9 7 1 13 2 10 19 
18 14 15 11 6 4 12 5 8 3 16 0 17 9 2 1 13 7 10 19 
0 16 17 11 3 13 12 5 8 14 4 18 15 9 2 1 6 7 10 19 
18 16 15 11 3 13 12 5 8 14 4 0 17 9 2 1 6 7 10 19 
18 16 17 11 3 7 12 5 8 14 4 0 15 9 2 1 6 13 10 19 
0 16 15 11 3 13 12 5 8 14 4 18 17 9 2 1 6 7 10 19 
9 16 15 19 5 4 12 2 8 3 14 0 17 18 7 1 6 11 10 13 
9 7 15 19 5 4 12 2 8 3 16 0 17 18 14 1 6 11 10 13 
9 14 16 19 5 4 12 2 8 3 15 0 17 18 7 1 6 11 10 13 
15 14 13 11 5 4 12 18 8 3 16 0 17 9 7 1 6 2 10 19 
15 14 19 4 5 11 12 18 8 3 16 0 17 9 7 1 6 2 10 13 
0 14 5 11 6 4 12 18 8 3 15 17 16 9 2 1 13 7 10 19 
15 14 5 11 6 4 17 18 8 3 0 12 16 9 2 1 13 7 10 19 
15 14 5 11 6 4 12 18 8 3 0 9 16 17 2 1 13 7 10 19 
15 14 5 11 6 4 12 18 8 3 0 17 16 9 7 1 13 2 10 19 
15 14 17 11 6 5 12 18 8 3 4 0 16 9 7 1 13 2 10 19 
18 16 15 11 3 7 12 5 8 14 4 0 17 9 2 1 6 13 10 19 
18 16 17 11 3 9 12 5 8 14 4 0 15 7 2 1 6 13 10 19 
0 16 13 4 5 9 12 2 8 3 15 18 17 7 14 1 6 11 10 19 
18 16 19 4 5 9 12 2 8 3 15 0 17 7 14 1 6 11 10 13 
18 16 13 4 5 7 12 2 8 3 15 0 17 9 14 1 6 11 10 19 
18 16 13 4 5 9 12 2 8 3 15 0 17 19 14 1 6 11 10 7 
0 11 5 16 3 8 12 17 10 14 4 15 1 9 19 2 13 7 18 6 
18 14 15 11 6 4 12 5 8 3 16 0 17 9 7 1 13 2 10 19 
0 14 15 11 6 5 12 18 8 3 4 9 16 17 2 1 13 7 10 19 
18 11 16 4 3 13 12 5 8 14 0 15 17 9 2 1 6 7 10 19 
0 14 13 11 5 4 12 18 8 3 16 10 17 9 7 1 6 2 15 19 
18 7 16 11 6 4 12 5 8 3 15 0 17 9 14 1 13 2 10 19 
18 14 17 11 6 4 12 5 8 3 15 0 16 9 7 1 13 2 10 19 
15 14 7 11 5 4 12 18 8 3 16 0 17 9 19 1 13 2 10 6 
0 14 15 11 5 4 12 18 8 3 6 17 16 9 2 1 13 7 10 19 
15 14 19 5 4 11 12 18 8 3 16 0 2 9 7 1 13 17 10 6 
18 16 19 4 5 7 12 2 8 3 15 0 17 9 14 1 6 11 10 13 
18 16 19 4 5 9 12 2 8 3 15 0 17 7 14 1 13 11 10 6 
18 7 15 11 6 4 12 5 8 3 16 0 17 9 14 1 13 2 10 19 
9 14 15 11 6 4 12 5 8 3 16 0 17 18 7 1 13 2 10 19 
18 16 15 11 6 4 12 5 8 3 14 0 17 9 7 1 13 2 10 19 
0 14 5 11 6 4 12 18 8 3 15 9 16 17 2 1 13 7 10 19 
15 3 5 11 6 4 12 18 8 14 0 9 16 17 2 1 13 7 10 19 
9 16 13 4 5 7 12 2 8 3 15 0 17 18 14 1 6 11 10 19 
13 16 15 11 3 18 12 5 8 14 4 0 17 9 2 1 6 7 10 19 
15 14 19 5 4 11 17 18 8 3 16 0 2 9 7 1 13 12 10 6 
15 14 19 5 4 11 12 18 8 3 16 0 2 9 7 1 6 17 10 13 
18 7 15 11 3 16 12 5 8 14 4 0 17 9 2 1 6 13 10 19 
0 7 16 11 3 5 12 18 8 14 4 15 17 9 19 1 13 2 10 6 
13 16 15 11 3 4 12 5 8 14 18 0 17 9 2 1 6 7 10 19 
15 14 13 4 5 8 12 2 18 3 16 0 17 9 7 1 6 11 10 19 
18 7 15 11 3 4 12 5 8 14 16 0 17 9 2 1 6 13 10 19 
18 7 17 11 3 4 12 5 8 14 15 0 16 9 2 1 6 13 10 19 
18 7 17 11 6 4 12 5 8 3 15 0 16 9 14 1 13 2 10 19 
18 7 17 11 6 4 12 5 8 3 0 15 16 9 14 1 13 2 10 19 
15 14 13 5 4 11 12 18 8 3 16 0 2 9 7 1 6 17 10 19 
15 14 19 5 4 11 12 18 8 3 16 0 9 2 7 1 6 17 10 13 
18 16 0 11 3 13 12 5 8 14 4 15 17 9 2 1 6 7 10 19 
18 16 15 11 14 13 12 5 8 3 4 0 17 9 2 1 6 7 10 19 
18 11 16 4 5 9 12 2 8 3 15 0 17 7 14 1 6 13 10 19 
0 7 17 11 3 5 12 18 8 14 4 15 16 9 19 1 13 2 10 6 
0 7 16 11 3 5 12 18 8 14 4 17 15 9 19 1 13 2 10 6 
0 16 15 11 3 5 12 18 8 14 4 9 1 17 19 2 13 7 10 6 
0 16 15 11 3 9 12 5 8 14 4 18 1 17 19 2 13 7 10 6 
0 14 5 11 6 4 12 18 8 3 15 17 16 9 7 1 13 2 10 19 
0 14 15 11 5 4 12 18 8 3 6 17 16 9 7 1 13 2 10 19 
0 11 16 4 5 9 12 2 8 3 15 18 17 7 14 1 6 13 10 19 
18 11 17 4 5 9 12 2 8 3 15 0 16 7 14 1 6 13 10 19 
18 11 16 15 5 9 12 2 8 3 4 0 17 7 14 1 6 13 10 19 
18 11 16 4 5 9 12 2 8 3 0 15 17 7 14 1 6 13 10 19 
18 11 16 4 5 9 12 2 8 3 15 0 17 19 14 1 6 13 10 7 
13 14 15 11 5 4 12 2 8 3 16 0 17 9 7 1 6 18 10 19 
15 16 5 11 3 8 12 17 10 14 4 0 1 9 19 2 13 7 18 6 
18 14 15 11 5 4 12 2 8 3 16 0 17 9 7 1 6 13 10 19 
13 14 16 11 5 4 12 2 8 3 15 0 17 9 7 1 6 18 10 19 
13 14 15 11 5 4 12 18 8 3 16 0 17 9 7 1 6 2 10 19 
13 14 15 11 5 4 12 2 8 18 16 0 17 9 7 1 6 3 10 19 
0 16 17 11 3 18 12 5 8 14 4 15 1 9 19 2 13 7 10 6 
0 16 15 11 3 5 12 18 8 14 4 17 1 9 19 2 13 7 10 6 
9 7 16 19 5 4 12 2 8 3 15 0 17 18 14 1 6 11 10 13 
15 7 17 11 3 5 12 18 8 14 4 0 16 9 19 1 13 2 10 6 
0 7 15 11 3 5 12 18 8 14 4 17 16 9 19 1 13 2 10 6 
0 14 16 11 3 5 12 18 8 15 4 9 1 17 19 2 13 7 10 6 
18 11 16 4 3 13 12 5 8 14 15 0 1 9 17 2 6 7 10 19 
15 7 5 11 3 8 12 18 10 14 4 0 16 17 19 9 13 2 1 6 
18 11 16 15 5 9 12 2 8 3 4 0 17 19 14 1 6 13 10 7 
15 11 16 17 3 5 12 18 8 14 4 0 1 9 19 2 13 7 10 6 
15 14 19 5 4 11 12 2 8 3 16 0 9 18 7 1 6 17 10 13 
15 7 17 11 3 18 12 5 8 14 4 0 16 9 19 1 13 2 10 6 
15 7 13 11 5 4 12 18 8 3 16 0 17 9 14 1 6 2 10 19 
18 7 16 4 3 13 12 5 8 14 15 0 1 9 17 2 6 11 10 19 
18 11 15 4 3 13 12 5 8 14 16 0 1 9 17 2 6 7 10 19 
18 11 16 4 3 13 12 5 8 14 0 15 1 9 17 2 6 7 10 19 
15 14 5 11 4 8 12 18 10 3 16 0 1 17 19 9 13 2 7 6 
15 7 5 11 6 8 12 18 10 3 16 0 1 17 19 9 13 2 14 4 
15 7 5 11 4 8 12 18 10 14 16 0 1 17 19 9 13 2 3 6 
15 7 5 11 4 8 12 18 10 3 16 0 1 17 19 9 2 13 14 6 
9 16 19 4 5 7 12 2 8 3 15 0 17 18 14 1 6 11 10 13 
0 14 15 11 5 4 12 18 8 3 6 7 16 9 2 1 13 17 10 19 
15 3 5 11 6 4 17 18 8 14 0 12 16 9 2 1 13 7 10 19 
15 14 5 11 6 4 17 18 8 3 0 12 16 9 7 1 13 2 10 19 
18 11 17 4 5 9 12 2 8 3 15 0 16 19 14 1 6 13 10 7 
18 0 16 11 3 9 12 5 8 14 4 15 1 17 19 2 13 7 10 6 
0 16 18 11 3 9 12 5 8 14 4 15 1 17 19 2 13 7 10 6 
15 14 19 4 5 8 12 2 18 3 16 0 17 9 7 1 6 11 10 13 
15 14 5 4 6 11 17 18 8 3 0 12 16 9 7 1 13 2 10 19 
0 16 17 11 3 5 12 18 8 14 4 15 1 9 19 2 13 7 10 6 
18 14 16 11 5 4 12 2 8 3 15 0 17 9 7 1 6 13 10 19 
13 14 16 11 5 4 12 18 8 3 15 0 17 9 7 1 6 2 10 19 
18 16 0 11 3 9 12 5 8 14 4 15 1 17 19 2 13 7 10 6 
0 11 16 15 5 9 12 2 8 3 4 18 17 19 14 1 6 13 10 7 
18 11 16 6 5 9 12 2 8 3 4 0 17 19 14 1 15 13 10 7 
15 11 5 16 3 8 12 17 10 14 4 0 1 9 19 2 13 7 18 6 
18 16 15 11 3 9 12 5 8 14 4 0 1 17 19 2 13 7 10 6 
18 16 0 11 3 9 12 5 8 14 4 15 1 19 17 2 13 7 10 6 
18 14 16 11 5 4 12 13 8 3 15 0 17 9 7 1 6 2 10 19 
13 7 16 11 5 4 12 18 8 3 15 0 17 9 14 1 6 2 10 19 
0 7 15 11 3 5 12 18 8 14 4 9 16 17 19 1 13 2 10 6 
13 7 15 11 5 4 12 18 8 3 16 0 17 9 14 1 6 2 10 19 
18 16 15 11 5 4 12 2 8 3 14 0 17 9 7 1 6 13 10 19 
18 7 15 11 5 4 12 2 8 3 16 0 17 9 14 1 6 13 10 19 
18 14 15 11 5 4 12 13 8 3 16 0 17 9 7 1 6 2 10 19 
18 14 15 11 5 4 12 2 8 3 16 0 17 9 13 1 6 7 10 19 
18 16 15 11 3 9 12 5 8 19 4 0 1 17 14 2 13 7 10 6 
18 16 15 11 3 9 12 5 8 14 4 0 1 19 17 2 13 7 10 6 
18 7 16 11 5 4 12 2 8 3 15 0 17 9 14 1 6 13 10 19 
18 16 15 11 3 1 12 5 8 14 4 0 17 9 19 2 13 7 10 6 
18 16 15 11 3 9 12 5 8 14 4 0 17 7 2 1 6 13 10 19 
18 16 17 11 3 9 12 5 8 14 4 0 15 19 2 1 6 13 10 7 
13 14 15 3 5 4 12 2 8 18 16 0 17 9 7 1 6 11 10 19 
13 16 17 11 3 18 12 5 8 14 4 0 1 9 15 2 6 7 10 19 
18 16 15 11 3 13 12 5 8 14 4 0 1 9 17 2 6 7 10 19 
0 16 17 11 3 9 12 5 8 14 4 18 15 19 2 1 6 13 10 7 
18 16 15 11 3 9 12 5 8 14 4 0 17 19 2 1 6 13 10 7 
0 11 16 4 5 9 12 2 8 3 15 18 17 19 14 1 6 13 10 7 
18 16 17 11 3 1 12 5 8 14 4 0 15 9 19 2 13 7 10 6 
0 16 15 11 3 9 12 5 8 14 4 18 17 19 2 1 6 13 10 7 
18 16 0 11 3 9 12 5 8 14 4 15 17 19 2 1 6 13 10 7 
0 14 7 11 5 4 12 18 8 3 6 17 16 9 15 1 13 2 10 19 
0 14 15 11 5 4 12 2 8 3 6 17 16 9 7 1 13 18 10 19 
9 14 5 11 6 4 12 18 8 3 15 0 16 17 2 1 13 7 10 19 
18 11 16 4 3 13 12 5 8 14 15 0 17 7 9 1 6 2 10 19 
18 16 15 11 3 4 12 5 8 14 0 17 1 9 19 2 13 7 10 6 
18 16 17 11 3 4 12 5 8 14 0 15 1 9 19 2 13 7 10 6 
18 16 15 11 3 4 12 5 8 14 0 9 1 17 19 2 13 7 10 6 
18 16 15 11 3 4 12 5 8 14 0 17 1 9 2 19 13 7 10 6 
18 16 19 4 5 13 12 2 8 3 15 0 17 9 14 1 6 11 10 7 
0 16 15 11 3 13 12 5 8 14 4 18 1 9 17 2 6 7 10 19 
0 16 15 11 3 9 12 5 8 14 4 18 17 7 2 1 6 13 10 19 
18 16 0 11 3 9 12 5 8 14 4 15 17 7 2 1 6 13 10 19 
18 16 15 11 14 9 12 5 8 3 4 0 17 7 2 1 6 13 10 19 
18 16 15 11 3 9 12 5 8 14 4 0 17 7 13 1 6 2 10 19 
18 16 13 11 17 9 12 5 8 3 4 0 15 19 14 1 6 2 10 7 
0 11 16 6 5 9 12 2 8 3 4 18 17 19 14 1 15 13 10 7 
15 16 17 11 3 5 12 18 8 14 4 0 1 9 19 2 13 7 10 6 
9 14 5 11 6 4 12 18 8 3 15 0 16 17 7 1 13 2 10 19 
15 14 13 3 5 4 12 2 8 18 16 0 17 9 7 1 6 11 10 19 
0 14 7 11 5 4 17 18 8 3 6 12 16 9 15 1 13 2 10 19 
18 7 16 11 3 4 12 5 8 14 15 0 17 9 2 1 6 13 10 19 
18 7 17 11 14 4 12 5 8 3 15 0 16 9 2 1 6 13 10 19 
18 7 17 11 3 4 12 5 8 14 0 15 16 9 2 1 6 13 10 19 
0 7 16 11 3 4 12 5 8 14 15 18 17 9 2 1 6 13 10 19 
18 7 16 11 14 4 12 5 8 3 15 0 17 9 2 1 6 13 10 19 
18 7 16 11 3 4 12 5 8 14 0 15 17 9 2 1 6 13 10 19 
18 16 15 11 3 4 12 5 8 14 6 0 1 9 17 2 13 7 10 19 
0 16 5 11 3 18 12 17 8 14 4 15 1 9 19 2 13 7 10 6 
15 16 17 11 14 5 12 18 8 3 4 0 1 9 19 2 13 7 10 6 
15 16 17 11 3 18 12 5 8 14 4 0 1 9 19 2 13 7 10 6 
15 16 17 11 3 5 12 18 8 14 4 0 1 9 2 19 13 7 10 6 
0 16 18 11 3 13 12 5 8 14 4 15 1 9 17 2 6 7 10 19 
0 11 5 16 3 18 12 17 8 14 4 15 1 9 19 2 13 7 10 6 
15 14 19 3 5 4 12 2 8 18 16 0 17 9 7 1 6 11 10 13 
15 14 5 11 6 4 12 18 8 3 16 0 17 9 2 1 13 7 10 19 
18 7 15 11 3 4 12 5 8 14 0 17 16 9 2 1 6 13 10 19 
18 14 16 11 5 4 12 2 8 3 15 0 17 9 13 1 6 7 10 19 
18 16 17 11 3 4 12 5 8 14 15 0 1 9 19 2 13 7 10 6 
18 7 15 11 3 4 12 5 8 14 0 9 16 17 2 1 6 13 10 19 
15 14 5 11 6 8 12 18 10 3 16 0 1 17 19 9 13 2 7 4 
18 7 15 11 14 4 12 5 8 3 16 0 17 9 2 1 6 13 10 19 
15 16 5 11 3 18 12 17 8 14 4 0 1 9 19 2 13 7 10 6 
18 10 16 11 3 9 12 5 8 14 4 15 1 17 19 2 13 7 0 6 
18 0 16 11 3 9 12 5 8 19 4 15 1 17 14 2 13 7 10 6 
0 16 17 11 3 18 12 5 8 19 4 15 1 9 14 2 13 7 10 6 
0 11 16 4 3 13 12 5 8 14 15 18 17 7 9 1 6 2 10 19 
18 11 16 4 5 9 12 2 8 3 0 15 17 19 14 1 6 13 10 7 
13 16 15 11 5 4 12 18 8 3 14 0 17 9 7 1 6 2 10 19 
13 14 15 11 5 4 12 18 8 3 16 0 17 9 2 1 6 7 10 19 
0 14 5 11 6 4 12 18 8 3 16 15 17 9 2 1 13 7 10 19 
15 14 5 11 6 4 12 18 8 3 16 0 17 9 7 1 13 2 10 19 
15 7 5 11 6 4 12 18 8 3 16 0 17 9 14 1 13 2 10 19 
15 14 5 4 6 11 12 18 8 3 16 0 17 9 7 1 13 2 10 19 
15 14 5 11 6 4 12 18 8 3 16 0 2 9 7 1 13 17 10 19 
0 14 7 4 5 11 17 18 8 3 6 12 16 9 15 1 13 2 10 19 
42 98 292 
62 110 122 
36 126 234 
30 162 266 
38 126 204 
68 98 120 
68 102 114 
80 114 96 
38 146 174 
42 114 210 
70 110 112 
66 90 138 
64 106 122 
66 86 144 
52 154 122 
60 126 112 
54 134 128 
56 130 120 
64 134 108 
50 134 140 
36 138 192 
54 142 114 
76 90 114 
46 130 156 
30 174 252 
34 134 250 
34 146 208 
40 126 196 
74 78 138 
78 98 112 
82 78 132 
46 118 170 
66 142 100 
82 70 148 
74 74 144 
38 138 190 
36 134 220 
84 98 104 
74 130 102 
74 130 102 
78 130 94 
80 66 156 
82 74 138 
94 74 136 
38 114 258 
76 114 102 
34 158 194 
44 122 174 
62 134 110 
50 110 158 
68 150 98 
66 138 106 
70 130 106 
64 158 98 
54 98 152 
38 134 194 
76 70 156 
74 106 104 
64 98 128 
96 50 208 
88 54 192 
54 94 160 
54 106 150 
66 166 96 
100 50 188 
96 50 208 
54 130 132 
84 82 124 
92 54 172 
88 54 192 
82 66 154 
78 82 130 
76 86 120 
80 62 162 
92 62 160 
64 114 118 
64 94 134 
60 102 136 
60 110 134 
44 106 204 
72 74 162 
62 106 128 
58 122 128 
32 158 234 
44 110 188 
40 118 198 
84 54 200 
94 70 142 
84 78 130 
70 118 110 
92 50 216 
48 118 166 
74 58 208 
48 114 170 
40 166 146 
58 94 144 
86 54 194 
92 58 166 
40 114 240 
74 102 110 
70 110 112 
70 130 106 
78 114 100 
48 146 134 
66 122 116 
60 118 126 
60 122 118 
52 102 164 
56 86 170 
76 66 162 
32 182 202 
84 94 110 
84 54 200 
46 90 204 
48 106 176 
72 70 168 
70 74 164 
32 146 248 
92 50 216 
78 54 222 
70 58 216 
84 50 246 
40 162 148 
84 50 246 
88 102 96 
42 126 194 
66 62 210 
74 54 230 
68 62 196 
62 66 216 
80 54 210 
60 86 154 
58 90 150 
56 150 112 
58 130 112 
58 150 110 
60 138 110 
96 62 158 
94 66 148 
92 58 166 
64 66 190 
72 58 210 
50 90 184 
44 90 246 
44 98 208 
48 82 214 
46 102 198 
62 138 108 
60 158 102 
90 110 94 
92 98 102 
86 94 104 
86 118 94 
30 202 224 
60 82 160 
46 114 180 
56 138 118 
72 66 186 
62 98 130 
56 90 162 
58 74 202 
58 78 180 
68 58 260 
90 90 110 
84 106 102 
62 94 136 
68 74 170 
64 90 146 
48 98 188 
42 110 218 
94 86 114 
52 134 132 
64 62 290 
76 50 260 
54 134 128 
44 138 160 
60 110 134 
78 62 172 
56 110 136 
52 118 138 
58 102 138 
54 114 144 
72 54 254 
80 50 252 
60 154 106 
62 118 118 
80 122 92 
40 142 168 
44 134 164 
38 154 166 
50 166 120 
52 82 194 
60 70 190 
82 130 90 
76 126 100 
76 146 94 
76 134 98 
78 138 90 
72 70 168 
32 170 216 
68 78 152 
72 74 162 
62 70 180 
74 70 164 
38 170 142 
40 146 162 
94 70 142 
40 130 182 
44 126 170 
34 158 194 
52 142 124 
34 138 232 
74 162 92 
34 158 194 
88 50 224 
42 138 164 
66 78 166 
54 126 134 
52 138 130 
48 154 130 
40 106 256 
38 118 256 
38 122 250 
36 122 274 
98 82 120 
70 66 188 
42 102 256 
46 82 256 
74 142 98 
46 186 124 
42 178 138 
82 58 178 
50 78 270 
36 162 160 
68 82 146 
62 74 174 
50 182 116 
76 170 90 
80 182 86 
30 190 238 
48 158 122 
54 194 110 
66 78 166 
64 86 150 
42 134 174 
64 82 156 
72 86 138 
70 90 128 
66 74 172 
72 78 146 
56 166 108 
52 170 116 
70 94 122 
50 138 134 
64 146 100 
58 174 100 
74 66 174 
40 154 158 
50 146 124 
60 182 98 
62 162 98 
80 146 88 
46 150 136 
64 170 96 
64 186 92 
58 70 214 
70 70 178 
54 86 188 
72 134 100 
46 134 146 
42 150 144 
44 142 150 
48 126 154 
80 98 108 
52 154 122 
66 154 98 
66 170 94 
68 134 106 
70 138 104 
76 150 92 
82 190 84 
36 150 174 
56 78 198 
76 62 184 
56 70 256 
56 114 130 
56 106 144 
48 130 144 
58 122 128 
60 102 136 
52 126 136 
50 126 146 
34 178 166 
40 138 180 
38 158 156 
38 142 182 
44 166 140 
32 198 188 
80 58 190 
50 86 194 
52 114 146 
72 82 140 
46 138 138 
50 122 150 
40 110 254 
60 98 142 
34 166 180 
44 170 136 
54 194 110 
46 178 128 
74 142 98 
74 150 96 
66 78 166 
60 78 170 
50 98 180 
52 78 204 
54 90 180 
56 74 218 
54 74 224 
60 66 270 
