0 5 3 1 7 4 6 2 
0 7 3 1 4 5 6 2 
0 7 3 1 6 4 5 2 
6 7 3 1 0 4 5 2 
0 5 3 1 6 4 7 2 
0 7 4 1 6 3 5 2 
0 7 3 1 6 5 4 2 
6 7 3 1 4 5 0 2 
1 5 4 7 6 3 0 2 
1 5 4 7 0 3 6 2 
0 5 4 1 6 3 7 2 
6 7 4 1 0 3 5 2 
0 7 5 1 6 3 4 2 
0 7 4 1 6 5 3 2 
0 7 4 3 6 5 1 2 
0 5 4 7 6 3 1 2 
1 5 6 7 4 3 0 2 
1 5 3 7 6 4 0 2 
1 7 3 6 4 5 0 2 
6 7 3 1 0 5 4 2 
0 3 4 7 6 5 2 1 
1 7 4 6 0 3 5 2 
6 7 4 1 0 5 3 2 
0 6 1 7 3 5 4 2 
0 3 4 7 6 5 1 2 
1 7 3 6 0 4 5 2 
6 7 3 1 0 2 5 4 
0 5 4 1 7 3 6 2 
1 7 4 6 0 5 3 2 
3 7 4 1 0 5 6 2 
0 6 3 1 7 5 4 2 
1 7 6 3 4 5 0 2 
1 7 3 6 0 5 4 2 
0 5 6 7 4 3 1 2 
0 7 4 3 6 5 2 1 
0 3 6 7 4 5 2 1 
0 5 4 7 1 3 6 2 
0 7 4 1 3 5 6 2 
0 5 4 7 3 1 6 2 
0 7 6 3 4 5 2 1 
0 3 6 7 4 5 1 2 
0 7 4 6 3 5 1 2 
0 7 6 3 4 5 1 2 
0 7 6 1 4 5 3 2 
1 7 3 6 0 2 5 4 
0 7 4 6 3 5 2 1 
0 7 5 1 4 3 6 2 
3 7 4 6 0 5 2 1 
7 6 1 0 3 5 4 2 
5 6 1 7 3 0 4 2 
3 7 4 6 0 5 1 2 
6 5 4 7 0 3 1 2 
1 5 3 7 0 4 6 2 
1 5 4 7 3 0 6 2 
1 6 3 7 0 4 5 2 
1 5 3 7 4 0 6 2 
1 5 3 7 6 0 4 2 
0 3 4 7 1 5 6 2 
0 5 3 7 4 1 6 2 
0 5 3 7 6 1 4 2 
40 56 70 
34 60 64 
38 80 50 
38 96 44 
36 72 60 
30 80 60 
34 60 64 
32 92 54 
28 88 62 
30 72 66 
28 72 70 
30 96 54 
32 68 76 
28 76 64 
24 72 90 
26 68 78 
26 100 68 
36 88 52 
32 92 54 
34 76 58 
22 68 116 
30 96 54 
28 92 58 
38 40 104 
24 68 94 
38 96 44 
42 120 42 
32 56 80 
28 92 58 
28 60 84 
42 52 76 
24 104 80 
34 76 58 
24 80 84 
22 72 112 
20 80 122 
28 56 90 
30 48 88 
34 44 96 
20 84 118 
22 80 100 
26 60 94 
22 84 96 
26 88 70 
42 120 42 
24 60 116 
32 68 76 
22 72 112 
50 36 134 
52 36 116 
24 72 90 
26 84 72 
38 72 56 
36 52 86 
44 88 48 
40 64 62 
40 64 62 
26 56 106 
38 56 72 
38 56 72 
