6 3 4 7 2 5 0 1 
6 7 3 1 0 5 4 2 
2 7 3 1 6 5 4 0 
3 1 6 7 0 5 4 2 
3 1 2 7 6 5 4 0 
6 3 2 7 0 5 4 1 
6 1 3 7 0 5 4 2 
3 7 4 6 0 5 2 1 
3 7 1 6 0 5 4 2 
5 2 1 7 3 4 6 0 
6 7 4 3 0 5 2 1 
0 7 4 6 3 5 2 1 
3 7 4 6 1 5 2 0 
3 7 4 6 0 5 1 2 
3 7 4 1 6 5 2 0 
5 6 1 7 3 4 2 0 
1 2 3 7 6 4 5 0 
6 2 3 7 1 5 4 0 
0 7 1 6 3 5 4 2 
3 6 1 7 0 5 4 2 
3 7 1 0 6 5 4 2 
3 1 4 7 6 5 2 0 
3 1 4 7 0 5 6 2 
0 7 5 1 6 3 4 2 
0 3 4 1 7 5 6 2 
0 3 7 1 6 5 4 2 
6 2 1 7 3 5 4 0 
6 3 2 7 1 5 4 0 
3 2 1 7 6 5 4 0 
5 2 3 7 6 1 4 0 
6 4 1 7 3 5 2 0 
6 3 4 7 1 5 2 0 
6 1 3 7 4 5 2 0 
6 7 3 1 4 5 0 2 
0 7 4 1 3 5 6 2 
0 7 6 1 4 5 3 2 
0 7 3 6 4 5 1 2 
0 7 3 1 6 5 4 2 
6 3 4 7 0 5 2 1 
1 3 6 7 0 5 2 4 
1 3 4 7 6 5 2 0 
1 3 4 7 0 5 6 2 
6 3 2 7 4 5 0 1 
6 3 4 7 1 5 0 2 
6 7 3 1 4 5 2 0 
0 7 3 1 6 5 2 4 
1 6 3 7 4 5 2 0 
6 3 1 7 4 5 2 0 
6 1 3 7 0 5 2 4 
6 1 3 7 4 2 5 0 
6 3 2 7 1 5 0 4 
0 3 1 7 6 5 4 2 
0 3 4 1 6 5 7 2 
6 1 3 7 0 4 5 2 
6 2 3 7 0 5 4 1 
6 7 3 1 0 4 5 2 
3 7 4 1 0 5 6 2 
6 7 4 1 3 5 0 2 
0 1 4 7 3 5 6 2 
0 7 6 1 3 5 4 2 
0 7 4 6 3 5 1 2 
0 7 4 1 6 5 3 2 
3 7 6 1 4 5 0 2 
0 7 6 3 4 5 1 2 
6 3 1 7 0 5 2 4 
1 6 3 7 0 5 2 4 
1 5 6 7 0 3 2 4 
1 3 2 7 0 5 6 4 
1 3 6 7 4 5 2 0 
1 3 6 7 0 2 5 4 
1 3 6 7 0 5 4 2 
0 5 4 1 7 3 6 2 
0 3 4 7 1 5 6 2 
0 1 3 7 6 5 2 4 
6 7 3 1 0 5 2 4 
6 2 3 7 0 5 1 4 
6 1 3 7 0 2 5 4 
6 7 4 1 0 5 3 2 
3 7 4 1 6 5 0 2 
0 1 4 7 6 5 3 2 
0 7 2 1 6 5 3 4 
0 7 4 1 6 3 5 2 
6 3 1 7 4 2 5 0 
6 1 4 7 0 5 3 2 
6 7 2 1 0 5 3 4 
6 7 4 3 0 5 1 2 
6 7 4 1 0 3 5 2 
0 2 3 7 6 5 4 1 
6 7 5 1 0 3 2 4 
6 7 3 1 2 5 0 4 
6 7 3 1 0 2 5 4 
3 4 1 7 6 5 2 0 
0 7 3 6 1 5 4 2 
6 3 4 7 0 5 1 2 
6 7 5 1 0 3 4 2 
6 7 2 1 0 3 5 4 
1 2 3 7 0 5 6 4 
1 6 3 7 0 2 5 4 
1 6 3 7 0 5 4 2 
6 3 1 7 0 5 4 2 
2 3 1 7 6 5 4 0 
0 1 3 7 6 5 4 2 
0 6 1 7 3 5 4 2 
0 5 1 7 6 3 4 2 
0 3 6 7 1 5 4 2 
0 3 4 7 6 5 1 2 
0 3 2 7 6 5 4 1 
0 3 1 7 6 4 5 2 
0 3 1 7 6 5 2 4 
1 3 4 7 6 5 0 2 
0 5 4 7 6 3 1 2 
0 3 6 7 4 5 1 2 
0 3 4 7 6 5 2 1 
0 6 3 7 1 5 4 2 
1 6 3 7 2 5 4 0 
1 6 3 7 0 4 5 2 
6 5 4 7 0 3 1 2 
1 5 4 7 6 3 0 2 
0 1 4 7 6 3 5 2 
0 5 6 7 4 3 1 2 
0 5 4 1 6 3 7 2 
0 5 4 7 1 3 6 2 
1 4 3 7 6 5 2 0 
0 2 3 1 6 5 7 4 
2 1 3 7 6 5 4 0 
6 7 2 1 4 5 3 0 
6 1 2 7 0 3 5 4 
6 7 2 1 4 3 5 0 
5 2 3 7 6 0 4 1 
1 2 3 7 6 5 4 0 
0 4 3 7 6 5 2 1 
1 4 3 7 6 5 0 2 
6 3 4 7 0 2 5 1 
6 7 3 1 4 2 5 0 
6 1 2 7 4 3 5 0 
1 7 4 3 6 5 0 2 
1 3 6 7 4 5 0 2 
1 3 2 7 6 5 0 4 
1 2 3 7 6 0 4 5 
0 5 3 7 6 1 4 2 
0 2 1 7 6 3 4 5 
0 7 3 1 6 2 5 4 
5 6 3 7 1 0 4 2 
0 6 3 1 7 5 4 2 
0 6 3 7 4 5 2 1 
0 5 3 7 6 4 2 1 
1 7 3 2 0 5 6 4 
1 2 3 7 6 5 0 4 
5 1 3 7 6 0 4 2 
0 1 3 7 6 4 5 2 
1 5 4 7 0 3 6 2 
0 5 3 7 1 4 6 2 
0 5 4 7 3 1 6 2 
1 3 4 7 6 2 5 0 
6 3 2 7 0 5 1 4 
2 1 3 7 6 5 0 4 
1 2 3 7 6 0 5 4 
0 7 3 1 6 4 5 2 
5 2 1 7 6 3 4 0 
1 7 3 2 6 0 5 4 
0 3 2 1 6 5 7 4 
6 3 1 7 5 2 4 0 
6 3 1 7 0 2 5 4 
6 5 1 7 0 3 4 2 
0 6 4 7 3 5 2 1 
0 3 6 7 4 5 2 1 
1 7 3 2 6 0 4 5 
1 7 4 3 6 5 2 0 
3 2 4 1 6 5 7 0 
3 7 6 1 4 5 2 0 
3 2 1 7 6 0 4 5 
1 5 3 7 6 0 4 2 
1 5 6 7 0 3 4 2 
1 3 2 7 6 5 4 0 
1 5 6 7 4 3 0 2 
3 2 7 1 6 5 4 0 
1 3 2 7 6 4 5 0 
1 7 6 3 4 5 0 2 
0 7 6 3 4 5 2 1 
5 6 1 7 3 0 4 2 
5 6 3 1 7 0 4 2 
1 5 4 7 3 0 6 2 
0 5 1 7 3 4 6 2 
1 3 6 7 0 4 5 2 
1 5 3 7 0 4 6 2 
0 5 3 1 7 4 6 2 
1 7 3 2 0 4 6 5 
6 3 1 7 0 4 5 2 
3 1 2 7 6 4 5 0 
1 5 3 7 6 4 0 2 
1 5 2 7 6 3 0 4 
3 7 2 1 6 5 0 4 
5 3 1 7 6 2 4 0 
5 2 1 7 3 6 4 0 
1 2 6 7 3 5 4 0 
7 2 1 6 3 5 4 0 
0 5 3 1 6 4 7 2 
5 7 3 1 6 0 4 2 
1 3 5 7 6 4 2 0 
22 100 104 132 
34 76 58 140 
40 80 72 116 
28 72 96 140 
32 80 104 92 
26 100 106 84 
36 76 64 124 
22 72 112 148 
30 60 96 148 
54 44 118 116 
22 88 106 156 
24 60 116 164 
24 64 120 148 
24 72 90 188 
26 64 102 132 
48 48 128 116 
48 88 56 92 
42 68 88 92 
32 48 100 164 
36 52 100 132 
38 48 108 140 
28 64 108 116 
30 60 90 164 
32 68 76 164 
30 56 96 180 
26 68 100 140 
42 56 106 92 
28 92 114 84 
40 52 108 84 
56 56 92 116 
36 60 118 108 
24 76 118 108 
34 80 82 108 
32 92 54 156 
30 48 88 196 
26 88 70 196 
30 72 70 188 
34 60 64 148 
22 84 110 108 
26 100 92 108 
26 76 100 100 
28 72 82 148 
24 116 102 100 
24 88 96 140 
32 80 76 124 
34 76 68 132 
38 72 80 116 
28 76 112 92 
36 92 68 108 
42 108 62 108 
28 120 96 100 
30 56 100 116 
26 72 86 156 
40 96 50 132 
40 76 80 92 
38 96 44 148 
28 60 84 180 
28 80 78 172 
32 48 94 180 
28 60 94 172 
26 60 94 204 
28 76 64 188 
24 88 86 172 
22 84 96 212 
30 88 98 92 
40 84 66 116 
28 100 76 156 
32 104 82 108 
24 88 106 108 
34 128 72 108 
26 84 88 124 
32 56 80 228 
26 56 106 164 
36 76 74 116 
34 92 62 124 
42 92 62 116 
44 120 48 108 
28 92 58 180 
26 76 80 164 
30 76 70 172 
32 108 64 148 
30 80 60 180 
36 104 92 92 
30 92 64 164 
32 124 58 140 
24 88 84 196 
30 96 54 172 
40 60 86 100 
32 100 74 140 
34 108 56 148 
42 120 42 124 
34 56 120 100 
32 60 82 164 
24 84 88 148 
32 84 70 156 
34 128 54 132 
46 80 56 116 
48 112 46 116 
40 68 62 132 
30 72 94 108 
36 76 108 84 
36 60 70 132 
38 40 104 148 
32 56 84 164 
24 68 112 140 
24 68 94 156 
26 84 112 92 
34 76 86 124 
30 72 104 100 
26 88 78 132 
26 68 78 204 
22 80 100 164 
22 68 116 116 
38 52 86 148 
40 72 78 124 
44 88 48 140 
26 84 72 196 
28 88 62 180 
32 80 66 164 
24 80 84 212 
28 72 70 204 
28 56 90 212 
38 72 82 100 
44 80 60 124 
42 80 78 100 
30 112 72 140 
36 128 60 116 
32 116 68 132 
54 56 98 108 
44 68 70 84 
34 64 98 116 
38 84 60 132 
30 112 90 108 
40 108 56 124 
34 116 74 116 
26 92 74 180 
24 100 84 140 
30 120 78 92 
52 64 68 132 
38 56 72 188 
44 56 90 132 
42 104 48 132 
52 48 98 156 
42 52 76 164 
34 64 96 132 
32 68 90 140 
42 84 48 164 
44 96 52 100 
50 56 82 140 
40 80 56 140 
30 72 66 196 
36 56 80 188 
34 44 96 236 
34 104 80 100 
28 116 88 108 
42 108 60 116 
52 92 48 116 
38 80 50 156 
50 56 104 92 
48 96 40 164 
30 104 86 116 
42 84 114 76 
38 116 78 92 
32 72 78 156 
30 52 120 148 
20 80 122 124 
48 68 60 180 
26 80 96 148 
36 68 94 124 
24 76 108 140 
48 48 106 132 
40 64 62 164 
28 84 72 172 
30 92 96 76 
26 100 68 188 
36 64 108 108 
34 112 82 84 
24 104 80 188 
20 84 118 172 
52 36 116 156 
56 48 88 172 
36 52 86 212 
36 44 98 188 
30 104 74 132 
38 72 56 172 
40 56 70 204 
46 76 54 188 
34 92 80 116 
36 100 90 100 
36 88 52 156 
32 120 62 140 
30 108 80 124 
44 72 118 76 
50 48 144 108 
38 68 100 108 
46 48 130 116 
36 72 60 180 
48 56 76 156 
32 84 102 92 
