9 0 5 1 14 6 12 13 2 11 8 10 3 7 4 
9 0 5 8 14 6 12 13 2 11 1 10 3 7 4 
9 0 5 1 14 6 3 13 2 11 8 10 12 7 4 
9 0 5 11 8 6 4 13 2 14 12 10 3 7 1 
6 0 3 11 9 8 4 13 2 14 1 5 12 7 10 
11 0 5 1 9 6 4 13 2 14 12 3 8 7 10 
9 0 5 1 10 6 4 13 2 14 8 11 3 7 12 
6 0 3 11 1 8 4 13 2 14 9 5 12 7 10 
6 0 3 11 9 1 4 13 2 14 8 5 12 7 10 
6 0 3 11 9 8 4 13 2 12 1 5 14 7 10 
9 0 5 8 14 6 7 13 2 11 1 10 3 12 4 
9 0 5 11 14 6 12 13 2 4 8 10 3 7 1 
12 0 5 8 14 6 7 13 2 11 1 9 3 10 4 
3 0 6 11 9 8 4 13 2 12 1 5 14 7 10 
6 0 3 11 7 8 4 13 2 12 1 5 14 9 10 
9 0 5 11 14 6 4 13 8 2 12 10 3 7 1 
6 0 4 11 7 8 3 13 2 12 1 5 14 9 10 
6 0 3 1 11 8 4 13 2 14 9 5 12 7 10 
3 0 6 1 11 8 4 13 2 14 9 5 12 7 10 
9 0 5 8 10 6 7 13 2 14 1 11 3 12 4 
3 0 6 1 11 8 4 13 2 12 9 5 14 7 10 
11 0 5 8 9 6 4 13 2 14 12 10 3 7 1 
9 0 5 8 10 6 12 13 2 14 1 11 3 7 4 
9 0 5 11 10 6 12 13 2 14 8 1 3 7 4 
3 7 6 1 11 8 4 13 2 12 9 5 14 0 10 
11 0 5 8 10 6 4 13 2 14 12 9 3 7 1 
11 0 5 8 9 6 1 13 2 14 12 10 3 7 4 
11 0 5 8 9 6 4 13 2 14 1 10 3 7 12 
9 0 5 11 14 6 3 13 2 4 12 10 8 7 1 
3 0 6 11 7 8 4 13 2 12 1 5 14 9 10 
3 0 6 11 9 1 4 13 2 12 8 5 14 7 10 
3 0 6 11 9 1 4 13 2 14 8 5 12 7 10 
11 0 5 8 10 6 7 13 2 14 1 9 3 12 4 
11 0 5 8 9 6 1 13 2 14 7 10 3 12 4 
11 0 5 3 9 6 1 13 2 14 7 10 8 12 4 
11 0 5 8 10 6 1 13 2 14 7 9 3 12 4 
11 0 3 1 9 6 4 13 2 14 12 5 8 7 10 
9 0 5 11 14 6 12 13 8 4 1 10 3 7 2 
0 7 5 1 9 8 4 13 2 14 12 11 3 10 6 
3 0 6 11 7 1 4 13 2 12 8 5 14 9 10 
11 0 5 3 9 6 1 13 2 14 12 10 8 7 4 
9 0 6 11 14 8 12 5 2 13 1 10 3 7 4 
11 0 5 8 10 6 1 13 2 14 12 9 3 7 4 
6 7 5 1 9 8 4 13 2 14 12 11 3 10 0 
6 0 3 11 7 1 4 13 2 14 8 5 12 9 10 
13 7 5 1 9 8 4 6 2 14 12 11 3 10 0 
9 0 6 11 14 8 3 5 2 13 1 10 12 7 4 
13 7 6 1 9 8 4 5 2 14 12 11 3 10 0 
3 0 6 11 14 9 4 13 8 2 1 5 12 7 10 
9 0 5 8 10 6 1 13 2 14 12 11 3 7 4 
9 0 5 8 10 6 3 13 2 14 1 11 12 7 4 
9 0 5 8 10 6 4 13 2 14 1 11 3 7 12 
9 0 5 11 14 6 3 13 8 2 1 10 12 7 4 
6 0 3 11 7 1 4 13 2 12 8 5 14 9 10 
9 0 5 11 14 6 12 13 8 2 1 10 3 7 4 
9 0 3 11 14 6 4 13 2 5 12 10 8 7 1 
13 0 3 11 9 8 4 5 2 14 1 6 12 7 10 
9 0 5 11 14 6 3 13 8 4 1 10 12 7 2 
9 0 5 11 14 6 12 4 8 13 1 10 3 7 2 
3 0 6 11 7 1 4 13 2 14 8 5 12 9 10 
3 0 1 11 7 6 4 13 2 12 8 5 14 9 10 
11 0 5 8 10 6 4 13 2 14 1 9 3 7 12 
9 0 5 3 10 6 4 13 2 14 1 11 8 7 12 
9 0 5 8 10 6 4 13 2 14 12 11 3 7 1 
9 0 6 11 14 8 3 13 2 5 1 10 12 7 4 
11 0 5 1 9 6 4 13 2 14 8 10 3 7 12 
11 0 5 3 9 6 4 13 2 14 1 10 8 7 12 
11 0 5 1 10 6 4 13 2 14 8 9 3 7 12 
11 7 5 1 9 8 4 13 2 14 12 6 3 10 0 
3 0 6 11 14 8 4 5 2 13 9 10 12 7 1 
6 0 3 11 14 8 4 13 7 2 1 5 12 9 10 
9 0 3 11 10 6 4 13 2 14 12 5 8 7 1 
6 0 3 11 10 9 4 13 8 2 12 5 14 7 1 
9 0 3 11 14 6 4 13 8 2 1 5 12 7 10 
3 0 1 11 9 6 4 13 2 12 8 5 14 7 10 
9 0 6 11 14 8 4 13 2 5 12 10 3 7 1 
9 0 3 1 11 6 4 13 2 14 12 5 8 7 10 
11 0 3 1 9 6 4 13 2 14 8 5 12 7 10 
9 0 3 11 10 6 4 13 2 14 8 5 12 7 1 
9 0 5 3 10 6 1 13 2 14 12 11 8 7 4 
9 0 3 11 10 6 4 13 2 12 8 5 14 7 1 
3 0 6 11 7 1 4 13 8 2 12 5 14 9 10 
12 0 5 8 14 6 1 13 2 11 7 9 3 10 4 
11 7 5 0 9 8 4 13 2 14 12 6 3 10 1 
13 0 6 11 7 1 4 3 8 2 12 5 14 9 10 
6 0 3 11 7 1 4 13 8 2 12 5 14 9 10 
9 0 5 11 14 1 12 4 8 13 6 10 3 7 2 
9 0 5 11 14 6 3 4 8 13 1 10 12 7 2 
9 0 5 11 14 6 12 7 8 13 1 10 3 4 2 
9 0 3 1 11 6 4 13 2 14 8 5 12 7 10 
9 0 3 1 11 6 4 13 8 2 12 5 14 7 10 
9 0 5 11 1 6 4 13 2 14 8 10 3 7 12 
13 0 6 11 9 1 4 3 8 2 12 5 14 7 10 
11 0 3 1 9 6 4 13 8 2 12 5 14 7 10 
13 0 3 1 11 6 4 9 8 2 12 5 14 7 10 
3 0 1 11 7 6 4 13 8 2 12 5 14 9 10 
13 0 1 11 7 6 4 5 8 2 12 3 14 9 10 
3 0 6 11 9 1 4 13 8 2 12 5 14 7 10 
0 7 3 1 11 6 4 13 8 2 12 5 14 9 10 
6 0 3 11 9 1 4 13 8 2 12 5 14 7 10 
3 0 1 11 9 6 4 13 8 2 12 5 14 7 10 
9 0 5 11 10 6 4 13 2 14 8 3 12 7 1 
9 0 3 11 1 6 4 13 2 14 8 5 12 7 10 
9 0 3 11 10 6 4 13 8 2 12 5 14 7 1 
11 0 5 10 9 6 4 13 2 14 8 3 12 7 1 
6 0 3 11 14 9 4 13 8 2 1 5 12 7 10 
3 0 6 11 14 8 4 13 9 2 1 5 12 7 10 
3 0 6 11 14 1 4 13 8 2 9 5 12 7 10 
3 0 6 11 14 1 4 13 8 12 9 5 2 7 10 
13 7 6 1 10 8 4 5 2 14 12 11 3 9 0 
6 0 3 11 14 8 4 13 9 2 1 5 12 7 10 
6 0 3 11 14 1 4 13 8 2 9 5 12 7 10 
9 0 5 11 14 1 3 4 8 13 6 10 12 7 2 
9 0 5 11 14 6 3 7 8 13 1 10 12 4 2 
6 0 4 11 14 1 3 13 8 2 9 5 12 7 10 
9 0 5 11 14 1 12 7 8 13 6 10 3 4 2 
11 0 1 13 8 6 4 5 2 14 7 3 12 9 10 
3 7 6 11 14 1 4 13 8 12 9 5 2 10 0 
13 0 3 1 11 6 4 9 2 14 8 5 12 7 10 
9 0 5 11 14 1 3 7 8 13 6 10 12 4 2 
3 7 6 11 14 1 4 13 8 2 9 5 12 10 0 
0 7 1 3 11 6 4 13 8 2 12 5 14 9 10 
0 7 4 1 11 6 3 13 8 2 12 5 14 9 10 
0 7 5 1 11 6 4 13 8 2 12 3 14 9 10 
0 7 3 11 1 6 4 13 8 2 12 5 14 9 10 
0 7 3 1 11 6 4 13 8 2 14 5 12 9 10 
11 0 5 1 9 6 4 13 8 2 12 3 14 7 10 
11 0 5 1 9 6 4 13 2 14 8 3 12 7 10 
0 7 5 11 9 8 4 13 2 14 12 6 3 10 1 
11 7 5 0 10 8 4 13 2 14 12 6 3 9 1 
9 10 6 11 14 8 3 7 2 13 1 5 12 4 0 
9 0 6 11 14 1 3 7 2 13 8 5 12 4 10 
9 7 5 11 14 6 12 4 8 13 1 0 3 10 2 
9 0 5 1 10 6 3 13 2 14 12 11 8 7 4 
3 0 6 11 14 8 4 13 7 2 1 5 12 9 10 
6 7 3 11 14 1 4 13 8 2 9 5 12 10 0 
3 7 1 11 14 6 4 13 8 2 9 5 12 10 0 
3 7 6 11 14 9 4 13 8 2 1 5 12 10 0 
3 7 6 11 14 1 12 13 8 2 9 5 4 10 0 
3 7 6 11 14 1 4 13 8 2 9 5 12 0 10 
0 7 5 11 1 6 4 13 8 2 12 3 14 9 10 
9 0 5 11 14 6 3 13 2 4 1 10 8 7 12 
9 7 5 11 14 1 12 4 8 13 6 0 3 10 2 
9 7 5 11 14 6 3 4 8 13 1 0 12 10 2 
9 7 5 11 14 6 12 13 8 4 1 0 3 10 2 
0 7 6 11 9 8 4 13 2 14 12 5 3 10 1 
0 7 6 11 10 8 4 13 2 14 12 5 3 9 1 
0 7 5 11 1 8 4 13 2 14 12 6 3 9 10 
9 7 5 11 14 6 3 13 8 4 1 0 12 10 2 
13 0 3 11 14 6 4 9 8 2 1 5 12 7 10 
9 0 5 11 14 6 4 13 8 2 1 3 12 7 10 
9 7 5 11 14 1 3 4 8 13 6 0 12 10 2 
9 7 5 11 14 6 12 13 8 2 1 4 3 10 0 
9 7 4 11 14 6 12 13 8 2 1 5 3 10 0 
9 7 5 11 14 6 3 13 8 2 1 4 12 10 0 
9 0 5 11 10 6 3 13 2 14 12 1 8 7 4 
0 7 1 13 11 6 4 3 8 2 12 5 14 9 10 
0 7 6 11 1 8 4 13 2 14 12 5 3 9 10 
6 7 4 11 14 1 3 13 8 2 9 5 12 10 0 
6 7 3 11 14 9 4 13 8 2 1 5 12 10 0 
9 7 5 11 14 6 4 13 8 2 12 1 3 10 0 
0 7 6 11 10 8 4 13 2 3 12 5 14 9 1 
13 7 1 0 11 6 4 3 8 2 12 5 14 9 10 
0 7 6 13 11 1 4 3 8 2 12 5 14 9 10 
0 7 1 13 11 6 4 5 8 2 12 3 14 9 10 
2 7 6 11 14 1 4 13 8 12 9 5 3 10 0 
3 7 6 11 14 1 10 13 8 12 9 5 2 4 0 
13 7 1 0 11 6 4 5 8 2 12 3 14 9 10 
0 7 3 11 10 6 4 13 8 2 12 5 14 9 1 
9 7 3 11 14 6 4 13 8 2 1 5 12 10 0 
6 7 3 11 14 8 4 13 9 2 1 5 12 10 0 
9 10 5 11 14 1 3 7 8 13 6 0 12 4 2 
3 7 6 11 14 8 4 13 9 2 1 5 12 10 0 
9 7 3 11 14 6 12 13 8 2 1 5 4 10 0 
9 7 4 11 14 6 3 13 8 2 1 5 12 10 0 
3 0 1 11 14 6 4 13 8 2 9 5 12 7 10 
6 7 3 11 14 8 4 13 10 2 1 5 12 9 0 
9 7 1 11 14 6 4 13 8 2 12 5 3 10 0 
9 7 5 1 14 6 4 13 8 2 12 11 3 10 0 
9 7 5 11 14 6 3 13 8 2 12 1 4 10 0 
9 7 6 11 14 8 3 4 2 13 1 5 12 10 0 
9 7 5 11 14 6 3 13 8 2 1 10 12 4 0 
9 7 5 11 14 1 3 4 8 13 12 0 6 10 2 
9 7 5 1 14 6 3 13 8 2 12 11 4 10 0 
6 7 3 11 14 8 4 13 2 10 1 5 12 9 0 
6 7 1 11 14 9 4 13 8 2 12 5 3 10 0 
9 7 6 11 14 1 4 13 8 2 12 5 3 10 0 
0 7 6 1 11 8 4 13 2 14 12 5 3 9 10 
0 7 6 11 1 8 4 13 2 3 12 5 14 9 10 
9 7 5 11 14 6 12 13 8 2 1 10 4 3 0 
13 7 5 1 14 6 4 9 8 2 12 11 3 10 0 
11 7 5 1 14 6 4 13 8 2 12 9 3 10 0 
9 7 5 8 14 6 4 13 1 2 12 11 3 10 0 
9 7 5 0 14 6 4 13 8 2 12 11 3 10 1 
0 7 3 11 14 6 4 13 8 2 1 5 12 10 9 
9 7 3 11 14 6 4 13 12 2 1 5 8 10 0 
0 7 6 1 11 8 4 13 2 3 12 5 14 9 10 
0 7 3 11 9 6 4 13 8 2 12 5 14 10 1 
13 7 6 11 14 1 4 9 8 2 12 5 3 10 0 
9 7 6 11 14 1 3 13 8 2 12 5 4 10 0 
6 7 4 11 14 1 12 13 8 2 9 5 3 10 0 
6 7 4 11 14 1 3 13 8 12 9 5 2 10 0 
9 7 6 11 14 8 12 4 2 13 1 5 3 10 0 
9 7 6 11 14 8 3 13 2 4 1 5 12 10 0 
9 7 6 11 14 8 3 5 2 13 1 4 12 10 0 
9 7 6 11 14 8 3 5 2 13 1 10 12 4 0 
9 5 6 11 14 10 3 7 2 13 1 8 12 4 0 
9 5 6 11 14 8 12 7 2 13 1 10 3 4 0 
9 7 5 11 14 6 3 4 2 13 1 8 12 10 0 
9 7 5 11 14 8 3 13 2 4 1 6 12 10 0 
9 7 6 11 14 10 3 5 2 13 1 8 12 4 0 
9 7 6 11 14 8 12 5 2 13 1 10 3 4 0 
9 7 6 11 14 8 3 13 2 5 1 10 12 4 0 
11 0 5 1 9 6 4 13 2 14 7 3 8 12 10 
0 7 6 1 11 8 4 13 2 5 12 3 14 9 10 
9 10 5 11 14 1 12 7 8 13 6 0 3 4 2 
9 7 6 11 14 8 12 13 2 4 1 5 3 10 0 
9 7 6 11 14 8 3 13 2 5 1 4 12 10 0 
9 7 6 11 14 8 3 13 2 12 1 5 4 10 0 
11 7 5 0 1 6 4 13 8 2 12 3 14 9 10 
9 7 3 11 14 6 12 5 8 13 1 2 4 10 0 
9 7 3 11 14 6 12 13 2 5 1 8 4 10 0 
9 7 5 8 14 6 4 13 2 1 12 11 3 10 0 
11 7 5 1 14 6 4 13 8 2 12 10 3 9 0 
9 7 5 11 14 8 12 13 2 4 1 6 3 10 0 
9 7 6 11 14 8 4 13 2 12 1 5 3 10 0 
6 7 3 11 10 8 4 13 2 14 1 5 12 9 0 
9 7 6 11 14 8 12 5 2 13 1 4 3 10 0 
9 7 5 11 14 1 3 4 2 13 6 8 12 10 0 
9 7 5 11 14 6 12 4 2 13 1 8 3 10 0 
9 7 5 11 14 6 3 13 2 4 1 8 12 10 0 
2 7 6 11 14 1 3 13 8 12 9 5 4 10 0 
9 7 5 8 14 6 3 13 2 4 1 11 12 10 0 
9 7 5 11 14 6 12 13 2 4 1 8 3 10 0 
9 7 5 11 14 6 3 13 2 12 1 8 4 10 0 
9 7 5 11 14 6 3 13 2 4 8 1 12 10 0 
67 60 85 
73 52 89 
63 64 85 
57 60 111 
39 96 115 
41 72 171 
57 56 113 
41 104 103 
37 104 119 
37 112 107 
77 44 127 
67 64 77 
79 40 139 
33 132 105 
31 128 123 
55 68 85 
29 148 119 
37 108 115 
33 128 113 
71 44 137 
31 144 105 
55 52 147 
67 52 99 
67 56 95 
29 160 117 
61 48 139 
57 48 153 
57 48 153 
65 64 79 
27 148 121 
31 140 109 
33 124 117 
71 40 165 
59 44 187 
55 48 203 
65 40 179 
41 76 149 
73 68 61 
45 72 143 
25 156 125 
53 52 169 
59 96 57 
63 44 145 
49 72 113 
31 120 135 
53 60 129 
55 100 57 
47 76 115 
35 128 93 
63 48 117 
63 56 99 
63 48 117 
57 72 73 
29 136 127 
61 68 73 
55 72 83 
45 76 127 
69 72 61 
73 84 51 
27 140 133 
27 136 143 
63 44 145 
59 52 133 
61 52 111 
53 96 61 
51 56 149 
53 52 169 
57 52 141 
51 60 135 
45 124 73 
37 100 129 
53 68 97 
43 100 95 
45 88 89 
33 120 127 
51 92 73 
45 80 119 
39 80 147 
51 72 95 
59 52 133 
49 88 87 
25 148 127 
73 40 153 
49 60 159 
25 140 147 
29 128 129 
77 112 43 
69 88 51 
75 112 45 
43 84 117 
41 92 111 
59 56 107 
31 124 131 
37 88 141 
35 104 129 
27 128 145 
29 108 171 
31 132 111 
31 96 149 
35 112 113 
33 112 129 
51 68 117 
47 80 105 
49 80 89 
45 68 171 
39 108 95 
39 124 89 
33 140 89 
37 160 81 
45 80 119 
43 104 91 
37 120 91 
73 116 43 
71 116 45 
35 140 87 
79 140 37 
33 88 227 
43 148 67 
37 96 135 
75 144 37 
39 128 75 
29 100 181 
29 116 145 
31 92 171 
35 92 137 
33 104 143 
37 84 163 
39 76 169 
49 64 131 
47 64 163 
61 152 43 
51 156 61 
79 88 47 
59 60 97 
33 120 127 
43 108 77 
41 108 93 
41 116 79 
47 128 67 
31 156 101 
35 88 159 
67 60 85 
83 116 39 
75 92 47 
79 72 57 
41 88 121 
39 92 125 
43 76 145 
75 76 57 
39 100 107 
45 84 111 
79 120 39 
63 68 71 
53 92 71 
59 72 71 
65 56 97 
25 116 181 
35 100 135 
41 128 73 
45 96 81 
61 60 87 
33 108 135 
27 108 185 
23 136 163 
27 104 187 
45 128 71 
49 176 61 
29 96 191 
39 84 127 
51 76 75 
49 92 77 
83 164 33 
45 112 75 
59 76 67 
49 96 71 
35 120 107 
41 96 109 
49 80 89 
55 64 87 
65 64 79 
57 108 49 
59 88 63 
79 108 45 
59 68 79 
41 100 105 
43 100 95 
47 100 71 
31 104 147 
29 116 145 
65 72 67 
49 76 105 
55 60 115 
65 52 105 
53 64 111 
47 84 103 
53 72 93 
25 120 157 
41 80 123 
41 112 89 
51 104 63 
45 124 73 
45 148 65 
61 104 49 
57 92 59 
57 100 55 
57 116 47 
69 156 37 
67 132 43 
67 88 53 
65 68 69 
63 136 41 
61 112 47 
55 112 51 
43 68 205 
27 116 159 
87 160 33 
61 88 59 
55 96 59 
53 104 57 
35 84 187 
69 84 57 
65 80 59 
67 48 107 
47 68 127 
69 64 69 
49 100 65 
43 88 105 
61 96 55 
71 116 45 
71 84 53 
67 72 63 
49 132 63 
69 56 83 
71 68 63 
63 84 61 
69 60 79 
