11 7 1 0 9 6 4 13 8 3 12 5 14 2 10 
11 7 5 0 9 6 1 13 2 14 8 10 3 12 4 
11 7 5 0 10 6 1 13 2 14 8 3 12 9 4 
11 7 5 0 9 6 1 13 2 14 8 3 12 10 4 
11 7 5 0 9 6 1 13 2 14 8 4 3 10 12 
11 7 1 0 9 6 4 13 12 3 8 5 14 2 10 
11 7 5 0 1 6 4 13 12 2 8 3 14 9 10 
11 7 5 0 10 6 4 13 2 14 8 1 3 9 12 
11 7 5 0 10 6 4 13 2 14 8 3 12 9 1 
11 7 5 0 10 6 1 13 2 14 12 3 8 9 4 
11 7 5 0 9 6 4 13 2 14 8 3 12 10 1 
11 7 5 0 9 6 1 13 2 14 12 3 8 10 4 
11 7 5 0 9 6 4 13 2 14 12 3 8 10 1 
11 7 5 0 9 6 1 13 2 14 4 3 8 10 12 
11 7 1 0 9 6 4 13 8 2 12 3 14 5 10 
11 0 3 8 13 6 7 1 2 14 5 9 10 12 4 
11 7 1 0 9 6 4 13 12 2 8 3 14 5 10 
11 7 5 0 10 6 1 13 2 14 4 3 8 9 12 
11 7 5 0 9 6 4 13 2 14 1 3 8 10 12 
11 7 5 0 9 6 4 13 2 14 8 1 3 10 12 
11 0 5 8 13 6 7 1 2 14 3 9 10 12 4 
11 7 5 0 1 6 4 13 2 14 8 3 12 9 10 
11 7 5 0 10 6 4 13 2 14 12 3 8 9 1 
11 7 5 0 10 6 4 13 2 14 1 3 8 9 12 
11 7 5 0 1 6 4 13 2 14 12 3 8 9 10 
11 5 1 0 7 6 4 13 8 2 12 3 14 9 10 
11 5 1 0 7 6 4 13 12 2 8 3 14 9 10 
11 5 6 0 7 1 4 13 12 2 8 3 14 9 10 
11 5 1 0 8 6 4 13 12 2 7 3 14 9 10 
11 7 5 0 8 6 4 13 12 2 1 3 14 9 10 
11 7 5 0 1 6 4 13 8 2 12 3 14 9 10 
11 7 5 0 8 6 4 13 2 14 1 3 12 9 10 
11 7 5 0 8 6 1 13 12 2 4 3 14 9 10 
11 5 6 0 7 1 4 13 8 2 12 3 14 9 10 
11 7 1 0 8 6 4 13 2 14 5 3 12 9 10 
11 7 5 0 8 6 1 13 2 14 4 3 12 9 10 
11 0 3 8 9 6 7 13 2 14 5 1 12 10 4 
11 5 1 0 14 6 4 13 8 2 7 3 12 9 10 
11 5 1 0 8 6 4 13 2 14 7 3 12 9 10 
11 0 5 8 9 6 7 13 2 14 3 1 12 10 4 
11 0 3 8 9 6 7 13 2 14 5 1 4 10 12 
11 5 1 0 7 6 4 13 2 14 8 3 12 9 10 
29 104 
53 52 
43 64 
45 60 
53 52 
29 104 
35 84 
53 52 
41 68 
45 60 
43 64 
47 56 
45 60 
47 56 
29 104 
87 36 
29 104 
45 60 
47 56 
55 48 
87 36 
37 76 
43 64 
45 60 
39 72 
27 112 
27 112 
25 132 
31 96 
35 84 
35 84 
37 76 
35 84 
25 132 
35 84 
37 76 
67 44 
31 96 
33 88 
67 44 
71 40 
29 104 
