0 6 16 24 8 7 28 14 23 17 19 1 27 25 21 13 20 11 18 22 3 2 10 15 29 5 9 4 26 12 
0 6 16 24 8 7 28 14 23 17 19 12 27 25 21 13 20 11 18 22 3 2 10 15 29 5 9 4 26 1 
2 6 16 15 24 7 22 28 0 20 18 27 14 25 21 13 12 11 19 9 3 5 10 8 29 1 23 4 26 17 
2 6 16 15 24 7 22 28 0 17 18 27 14 25 21 13 12 11 19 9 3 5 10 8 29 1 23 4 26 20 
0 6 16 24 27 7 28 22 5 2 19 17 14 25 21 9 20 11 10 8 3 23 18 15 29 1 13 4 26 12 
0 27 16 24 2 7 28 22 5 17 19 23 14 25 21 10 20 11 29 8 3 13 18 15 6 1 9 4 26 12 
0 6 16 24 27 7 28 22 5 2 19 17 14 9 21 10 20 11 25 8 3 23 18 15 29 1 13 4 26 12 
27 0 16 24 2 7 28 22 5 17 19 23 14 25 21 10 20 11 29 8 3 13 18 15 6 1 9 4 26 12 
0 2 16 24 27 7 28 22 5 17 19 23 14 25 21 10 20 11 29 8 3 13 18 15 6 1 9 4 26 12 
0 15 16 24 2 7 28 22 5 17 19 23 14 25 21 10 20 11 29 8 3 13 18 27 6 1 9 4 26 12 
0 27 16 24 2 7 28 22 5 17 19 23 14 25 21 9 20 11 29 8 3 13 18 15 6 1 10 4 26 12 
0 27 16 24 2 7 28 22 5 17 19 23 14 25 21 10 20 13 29 8 3 11 18 15 6 1 9 4 26 12 
0 6 16 24 8 7 28 14 12 17 19 23 27 25 21 13 20 11 18 22 3 2 10 15 29 5 9 4 26 1 
27 0 16 24 2 7 28 22 5 17 19 23 14 25 21 10 20 13 29 8 3 11 18 15 6 1 9 4 26 12 
0 2 16 24 27 7 28 22 5 17 19 23 14 25 21 10 20 13 29 8 3 11 18 15 6 1 9 4 26 12 
0 15 16 24 2 7 28 22 5 17 19 23 14 25 21 10 20 13 29 8 3 11 18 27 6 1 9 4 26 12 
0 27 16 24 11 7 28 22 5 17 19 23 14 25 21 10 20 13 29 8 3 2 18 15 6 1 9 4 26 12 
0 27 16 24 2 7 28 22 5 17 19 23 14 25 21 9 20 13 29 8 3 11 18 15 6 1 10 4 26 12 
0 27 16 24 2 7 28 22 5 17 19 23 14 25 21 10 20 13 29 8 3 12 18 15 6 1 9 4 26 11 
0 15 16 24 2 7 28 22 5 17 19 23 14 25 21 9 20 11 29 8 3 13 18 27 6 1 10 4 26 12 
0 15 16 24 2 7 28 22 5 17 19 23 14 25 21 10 20 11 29 8 3 27 18 13 6 1 9 4 26 12 
27 0 16 24 11 7 28 22 5 17 19 23 14 25 21 10 20 13 29 8 3 2 18 15 6 1 9 4 26 12 
27 0 16 24 2 7 28 22 5 17 19 23 14 25 21 9 20 13 29 8 3 11 18 15 6 1 10 4 26 12 
27 0 16 24 2 7 28 22 5 17 19 23 14 25 21 10 20 13 29 8 3 12 18 15 6 1 9 4 26 11 
0 15 16 24 2 7 28 22 5 17 19 23 14 25 21 9 20 13 29 8 3 11 18 27 6 1 10 4 26 12 
0 15 16 24 2 7 28 22 5 17 19 23 14 25 21 9 20 11 29 8 3 27 18 13 6 1 10 4 26 12 
0 6 16 24 8 7 28 14 5 17 19 22 27 25 21 13 20 11 18 9 3 2 10 15 29 1 23 4 26 12 
0 15 16 24 11 7 28 22 5 17 19 23 14 25 21 9 20 13 29 8 3 2 18 27 6 1 10 4 26 12 
0 15 16 24 2 7 28 22 5 17 19 23 14 25 21 9 20 13 29 8 3 27 18 11 6 1 10 4 26 12 
0 15 16 24 2 7 28 22 5 17 19 23 14 25 21 9 20 13 29 8 3 12 18 27 6 1 10 4 26 11 
0 15 16 24 11 7 28 22 5 17 19 23 14 25 21 10 20 13 29 8 3 2 18 27 6 1 9 4 26 12 
0 15 16 24 2 7 28 22 5 17 19 23 14 25 21 10 20 13 29 8 3 27 18 11 6 1 9 4 26 12 
0 15 16 24 2 7 28 22 5 17 19 23 14 25 21 10 20 13 29 8 3 12 18 27 6 1 9 4 26 11 
0 2 16 24 11 7 28 22 5 17 19 23 14 25 21 10 20 13 29 8 3 27 18 15 6 1 9 4 26 12 
0 27 16 24 11 7 28 22 5 17 19 23 14 25 21 9 20 13 29 8 3 2 18 15 6 1 10 4 26 12 
0 2 16 24 27 7 28 22 5 17 19 23 14 25 21 9 20 13 29 8 3 11 18 15 6 1 10 4 26 12 
0 27 16 24 2 7 28 22 5 17 19 23 14 25 21 9 20 13 29 8 3 12 18 15 6 1 10 4 26 11 
13 0 16 24 2 7 28 22 5 17 19 23 14 25 21 10 20 11 29 8 3 27 18 15 6 1 9 4 26 12 
27 0 16 24 2 7 28 22 5 17 19 23 14 25 21 9 20 11 29 8 3 13 18 15 6 1 10 4 26 12 
0 15 16 24 27 7 28 22 5 17 19 23 14 25 21 9 20 13 29 8 3 2 18 11 6 1 10 4 26 12 
27 0 16 24 11 7 28 22 5 17 19 23 14 25 21 9 20 13 29 8 3 2 18 15 6 1 10 4 26 12 
0 2 16 24 11 7 28 22 5 17 19 23 14 25 21 9 20 13 29 8 3 27 18 15 6 1 10 4 26 12 
27 0 16 24 2 7 28 22 5 17 19 23 14 25 21 9 20 13 29 8 3 12 18 15 6 1 10 4 26 11 
13 0 16 24 2 7 28 22 5 17 19 23 14 25 21 9 20 11 29 8 3 27 18 15 6 1 10 4 26 12 
0 2 16 24 27 7 28 22 5 17 19 23 14 25 21 9 20 11 29 8 3 13 18 15 6 1 10 4 26 12 
0 15 16 24 27 7 28 22 5 17 19 23 14 25 21 10 20 13 29 8 3 2 18 11 6 1 9 4 26 12 
0 15 16 24 27 7 28 22 5 17 19 23 14 25 21 9 20 11 29 8 3 2 18 13 6 1 10 4 26 12 
13 0 16 24 27 7 28 22 5 17 19 23 14 25 21 9 20 11 29 8 3 2 18 15 6 1 10 4 26 12 
0 6 16 5 8 7 28 14 24 17 19 22 27 25 21 13 20 11 18 9 3 2 10 15 29 1 23 4 26 12 
0 2 16 24 27 7 28 22 5 17 19 23 14 25 21 9 20 13 29 8 3 12 18 15 6 1 10 4 26 11 
0 2 16 24 27 7 28 22 5 17 19 23 14 25 21 10 20 13 29 8 3 12 18 15 6 1 9 4 26 11 
0 27 16 24 2 7 28 22 12 17 19 23 14 25 21 10 20 13 29 8 3 5 18 15 6 1 9 4 26 11 
13 0 16 24 27 7 28 22 5 17 19 23 14 25 21 10 20 11 29 8 3 2 18 15 6 1 9 4 26 12 
0 6 16 1 8 7 28 14 24 17 19 22 27 25 21 13 20 11 18 9 3 2 10 15 29 5 23 4 26 12 
0 6 16 5 8 7 28 14 24 17 18 22 27 25 21 13 20 11 19 9 3 2 10 15 29 1 23 4 26 12 
0 15 16 24 27 7 28 22 5 17 19 23 14 25 21 10 20 11 29 8 3 2 18 13 6 1 9 4 26 12 
27 0 16 24 2 7 28 22 12 17 19 23 14 25 21 10 20 13 29 8 3 5 18 15 6 1 9 4 26 11 
0 2 16 24 27 7 28 22 12 17 19 23 14 25 21 10 20 13 29 8 3 5 18 15 6 1 9 4 26 11 
0 15 16 24 2 7 28 22 12 17 19 23 14 25 21 10 20 13 29 8 3 5 18 27 6 1 9 4 26 11 
0 27 16 24 2 7 28 22 12 17 19 23 14 25 21 10 20 13 29 9 3 5 18 15 6 1 8 4 26 11 
27 0 16 24 2 7 28 22 12 17 19 23 14 25 21 10 20 13 29 9 3 5 18 15 6 1 8 4 26 11 
0 15 16 24 2 7 28 22 12 17 19 23 14 25 21 10 20 13 29 9 3 5 18 27 6 1 8 4 26 11 
0 15 16 24 2 7 28 22 12 17 19 23 14 25 21 10 20 13 29 8 3 27 18 5 6 1 9 4 26 11 
0 15 16 24 27 7 28 22 12 17 19 23 14 25 21 10 20 13 29 8 3 2 18 5 6 1 9 4 26 11 
0 15 16 24 2 7 28 22 12 17 19 23 14 25 21 9 20 13 29 8 3 27 18 5 6 1 10 4 26 11 
2 0 16 24 14 7 28 22 23 17 19 12 27 25 21 10 20 13 29 9 3 5 18 15 6 1 8 4 26 11 
2 0 16 24 8 7 28 22 23 17 19 12 14 25 21 10 20 13 29 9 3 5 18 15 6 1 27 4 26 11 
0 15 16 24 27 7 28 22 12 17 19 23 14 25 21 9 20 13 29 8 3 2 18 5 6 1 10 4 26 11 
0 2 16 24 27 7 28 22 12 17 19 23 14 25 21 10 20 13 29 9 3 5 18 15 6 1 8 4 26 11 
2 0 16 24 14 7 28 22 12 17 19 23 27 25 21 10 20 13 29 9 3 5 18 15 6 1 8 4 26 11 
2 0 16 24 8 7 28 22 12 17 19 23 14 25 21 10 20 13 29 9 3 5 18 15 6 1 27 4 26 11 
0 6 16 1 8 7 28 14 24 17 18 22 27 25 21 13 20 11 19 9 3 2 10 15 29 5 23 4 26 12 
0 2 16 24 8 7 28 22 12 17 19 23 14 25 21 10 20 13 29 9 3 5 18 15 6 1 27 4 26 11 
2 0 16 24 8 7 28 22 12 17 19 27 14 25 21 10 20 13 29 9 3 5 18 15 6 1 23 4 26 11 
0 2 16 24 14 7 28 22 12 17 19 23 27 25 21 10 20 13 29 9 3 5 18 15 6 1 8 4 26 11 
0 6 16 20 8 7 28 14 24 17 18 22 27 25 21 13 12 11 19 9 3 2 10 15 29 5 23 4 26 1 
0 2 16 24 14 7 28 22 12 17 19 23 27 25 21 10 20 13 29 8 3 5 18 15 6 1 9 4 26 11 
0 2 16 24 14 7 28 22 23 17 19 12 27 25 21 10 20 13 29 9 3 5 18 15 6 1 8 4 26 11 
0 2 16 24 8 7 28 22 12 17 19 27 14 25 21 10 20 13 29 9 3 5 18 15 6 1 23 4 26 11 
0 2 16 24 8 7 28 22 23 17 19 12 14 25 21 10 20 13 29 9 3 5 18 15 6 1 27 4 26 11 
0 6 16 20 15 7 28 14 24 17 18 22 27 25 21 13 12 11 19 9 3 2 10 8 29 5 23 4 26 1 
0 6 16 20 8 7 28 14 24 17 19 22 27 25 21 13 12 11 18 9 3 2 10 15 29 5 23 4 26 1 
0 6 16 20 8 7 28 14 24 17 19 22 27 25 21 10 12 11 18 9 3 2 13 15 29 5 23 4 26 1 
0 2 16 24 8 7 28 22 12 17 19 23 27 25 21 10 20 13 29 9 3 5 18 15 6 1 14 4 26 11 
71 107 
75 103 
117 79 
117 79 
49 167 
55 135 
51 159 
55 135 
55 135 
55 135 
53 147 
53 147 
71 107 
53 147 
53 147 
53 147 
55 135 
51 159 
55 135 
53 147 
55 135 
55 135 
51 159 
55 135 
51 159 
53 147 
71 107 
53 147 
53 147 
53 147 
55 135 
55 135 
55 135 
55 135 
53 147 
51 159 
53 147 
55 135 
53 147 
53 147 
53 147 
53 147 
53 147 
53 147 
53 147 
55 135 
53 147 
53 147 
79 99 
53 147 
55 135 
57 127 
55 135 
79 99 
89 91 
55 135 
57 127 
57 127 
57 127 
61 119 
61 119 
61 119 
55 135 
55 135 
53 147 
71 107 
71 107 
53 147 
61 119 
67 111 
67 111 
89 91 
63 115 
71 107 
63 115 
91 87 
59 123 
67 111 
67 111 
67 111 
103 83 
81 95 
75 103 
59 123 
