1 14 5 11 4 8 17 18 10 3 0 12 16 9 15 2 13 7 19 6 
1 3 5 11 4 8 17 18 10 14 0 12 16 9 15 2 13 7 19 6 
3 14 5 11 4 8 17 18 10 1 0 12 16 9 15 2 13 7 19 6 
1 3 5 11 4 8 17 18 2 14 0 12 16 9 15 19 13 7 10 6 
1 14 5 11 4 8 17 18 2 3 0 12 16 9 15 19 13 7 10 6 
1 14 7 11 5 8 17 18 10 3 16 12 6 9 15 19 13 2 0 4 
1 14 7 11 4 8 17 18 10 3 16 12 5 9 15 19 13 2 0 6 
1 14 7 11 4 8 17 18 10 3 16 12 2 9 15 19 13 5 0 6 
1 14 7 11 4 8 17 18 10 3 16 12 5 9 15 19 6 2 0 13 
1 14 7 11 4 8 17 18 10 3 16 12 2 9 15 19 6 5 0 13 
1 14 7 11 5 8 17 18 10 3 6 12 16 9 15 19 13 2 0 4 
1 14 7 5 4 8 17 18 10 3 16 12 2 9 15 19 6 11 0 13 
1 14 7 5 4 8 17 18 10 3 16 12 6 9 15 19 2 11 0 13 
1 17 7 5 4 8 14 18 10 3 16 12 2 9 15 19 6 11 0 13 
1 14 7 4 5 8 17 18 10 3 16 12 2 9 15 19 6 11 0 13 
1 14 7 5 4 8 17 18 10 3 16 12 2 9 15 19 13 11 0 6 
1 14 7 5 4 8 17 18 10 3 6 12 16 9 15 19 2 11 0 13 
1 17 7 5 4 8 14 10 18 3 16 12 2 9 15 19 6 11 0 13 
1 14 7 4 5 8 17 18 10 3 16 12 2 9 15 19 13 11 0 6 
1 14 5 11 4 8 17 18 10 3 16 12 2 9 15 19 13 7 0 6 
1 14 7 3 4 8 17 18 10 5 16 12 2 9 15 19 13 11 0 6 
0 14 5 11 4 8 17 18 10 3 16 12 2 9 15 19 13 7 1 6 
0 3 5 11 4 8 17 18 10 14 16 12 2 9 15 19 13 7 1 6 
38 110 
36 122 
34 138 
38 110 
40 98 
52 78 
46 82 
54 74 
54 74 
62 66 
52 78 
64 62 
62 66 
74 58 
62 66 
56 70 
62 66 
86 54 
54 74 
42 90 
52 78 
40 98 
38 110 
